AESOPUS / AGSS09 Opacity Table (Z = 0.02)
====================================================

Table for X = 0.400
logT / logR | -8.000 -7.500 -7.000 -6.500 -6.000 -5.500 -5.000 -4.500 -4.000 -3.500 -3.000 -2.500 -2.000 -1.500 -1.000 -0.500  0.000  0.500  1.000
------------------------------------------------------------------------------------------------------------------------------------------------------
3.200     | -5.102 -4.753 -4.160 -3.435 -2.781 -2.361 -2.201 -2.152 -2.135 -2.128 -2.125 -2.123 -2.122 -2.122 -2.121 -2.119 -2.116 -2.110 -2.099
3.220     | -5.156 -5.045 -4.727 -4.157 -3.420 -2.724 -2.242 -2.031 -1.962 -1.938 -1.928 -1.924 -1.922 -1.920 -1.920 -1.919 -1.918 -1.916 -1.913
3.240     | -5.118 -5.098 -4.999 -4.708 -4.167 -3.438 -2.726 -2.207 -1.953 -1.865 -1.835 -1.823 -1.817 -1.815 -1.813 -1.812 -1.811 -1.809 -1.807
3.260     | -5.095 -5.082 -5.054 -4.956 -4.680 -4.160 -3.442 -2.721 -2.181 -1.898 -1.795 -1.759 -1.745 -1.739 -1.735 -1.733 -1.732 -1.730 -1.727
3.280     | -5.074 -5.070 -5.053 -5.019 -4.917 -4.642 -4.131 -3.420 -2.698 -2.150 -1.851 -1.737 -1.697 -1.681 -1.674 -1.671 -1.668 -1.665 -1.662
3.300     | -5.003 -5.037 -5.041 -5.026 -4.988 -4.878 -4.594 -4.079 -3.369 -2.652 -2.106 -1.804 -1.686 -1.644 -1.627 -1.620 -1.615 -1.612 -1.608
3.320     | -4.844 -4.932 -4.982 -4.995 -4.979 -4.929 -4.791 -4.464 -3.908 -3.193 -2.497 -1.975 -1.688 -1.574 -1.533 -1.516 -1.508 -1.503 -1.498
3.340     | -4.646 -4.760 -4.860 -4.925 -4.949 -4.937 -4.879 -4.716 -4.344 -3.749 -3.030 -2.359 -1.865 -1.600 -1.494 -1.455 -1.439 -1.430 -1.424
3.360     | -4.466 -4.569 -4.682 -4.788 -4.865 -4.900 -4.893 -4.828 -4.634 -4.213 -3.578 -2.859 -2.217 -1.761 -1.523 -1.429 -1.393 -1.377 -1.367
3.380     | -4.332 -4.408 -4.503 -4.612 -4.719 -4.804 -4.846 -4.842 -4.767 -4.532 -4.056 -3.386 -2.673 -2.069 -1.657 -1.453 -1.371 -1.337 -1.321
3.400     | -4.241 -4.290 -4.359 -4.446 -4.548 -4.654 -4.741 -4.786 -4.778 -4.681 -4.391 -3.860 -3.166 -2.471 -1.912 -1.554 -1.383 -1.312 -1.280
3.420     | -4.190 -4.212 -4.253 -4.313 -4.392 -4.487 -4.587 -4.668 -4.702 -4.672 -4.526 -4.156 -3.565 -2.864 -2.209 -1.714 -1.418 -1.279 -1.218
3.440     | -4.173 -4.173 -4.187 -4.219 -4.272 -4.343 -4.429 -4.518 -4.581 -4.588 -4.518 -4.304 -3.860 -3.239 -2.553 -1.952 -1.527 -1.288 -1.174
3.460     | -4.166 -4.161 -4.158 -4.164 -4.188 -4.233 -4.294 -4.366 -4.431 -4.456 -4.414 -4.285 -3.992 -3.499 -2.874 -2.227 -1.693 -1.341 -1.151
3.480     | -4.154 -4.153 -4.149 -4.144 -4.144 -4.159 -4.193 -4.239 -4.283 -4.300 -4.264 -4.160 -3.955 -3.594 -3.082 -2.479 -1.890 -1.433 -1.150
3.500     | -4.126 -4.136 -4.138 -4.135 -4.128 -4.123 -4.127 -4.144 -4.160 -4.151 -4.098 -3.990 -3.810 -3.532 -3.137 -2.632 -2.070 -1.551 -1.176
3.520     | -4.067 -4.099 -4.115 -4.121 -4.118 -4.110 -4.098 -4.085 -4.069 -4.027 -3.940 -3.805 -3.618 -3.368 -3.049 -2.647 -2.164 -1.652 -1.214
3.540     | -3.931 -4.014 -4.064 -4.090 -4.100 -4.099 -4.087 -4.062 -4.018 -3.940 -3.814 -3.641 -3.426 -3.172 -2.882 -2.549 -2.155 -1.704 -1.255
3.560     | -3.687 -3.835 -3.946 -4.018 -4.058 -4.075 -4.073 -4.052 -3.999 -3.894 -3.727 -3.510 -3.256 -2.979 -2.688 -2.381 -2.047 -1.670 -1.261
3.580     | -3.376 -3.566 -3.732 -3.866 -3.962 -4.019 -4.042 -4.035 -3.988 -3.876 -3.679 -3.417 -3.121 -2.810 -2.500 -2.192 -1.881 -1.553 -1.200
3.600     | -3.038 -3.252 -3.451 -3.630 -3.781 -3.896 -3.969 -3.995 -3.967 -3.862 -3.656 -3.362 -3.023 -2.676 -2.337 -2.012 -1.699 -1.389 -1.074
3.620     | -2.692 -2.918 -3.132 -3.332 -3.512 -3.666 -3.784 -3.857 -3.869 -3.794 -3.605 -3.305 -2.935 -2.549 -2.176 -1.825 -1.496 -1.182 -0.876
3.640     | -2.354 -2.586 -2.811 -3.026 -3.226 -3.405 -3.557 -3.670 -3.726 -3.693 -3.539 -3.253 -2.873 -2.458 -2.052 -1.670 -1.317 -0.990 -0.681
3.660     | -2.030 -2.264 -2.496 -2.720 -2.934 -3.133 -3.310 -3.453 -3.545 -3.554 -3.444 -3.194 -2.825 -2.398 -1.964 -1.552 -1.170 -0.820 -0.496
3.680     | -1.727 -1.959 -2.191 -2.421 -2.644 -2.856 -3.049 -3.214 -3.328 -3.362 -3.285 -3.079 -2.750 -2.337 -1.892 -1.455 -1.046 -0.671 -0.327
3.700     | -1.443 -1.663 -1.891 -2.119 -2.345 -2.563 -2.768 -2.947 -3.079 -3.131 -3.074 -2.904 -2.630 -2.265 -1.838 -1.385 -0.947 -0.540 -0.169
3.750     | -0.937 -1.075 -1.253 -1.455 -1.668 -1.883 -2.089 -2.275 -2.415 -2.473 -2.424 -2.280 -2.070 -1.814 -1.510 -1.156 -0.750 -0.317  0.110
3.800     | -0.791 -0.814 -0.870 -0.971 -1.110 -1.273 -1.440 -1.592 -1.703 -1.744 -1.699 -1.575 -1.398 -1.188 -0.953 -0.692 -0.398 -0.058  0.329
3.850     | -0.777 -0.769 -0.763 -0.761 -0.770 -0.805 -0.863 -0.925 -0.966 -0.969 -0.922 -0.823 -0.683 -0.513 -0.317 -0.102  0.135  0.397  0.695
3.900     | -0.779 -0.770 -0.755 -0.728 -0.679 -0.603 -0.502 -0.400 -0.311 -0.232 -0.153 -0.064  0.043  0.173  0.328  0.505  0.705  0.927  1.176
3.950     | -0.773 -0.772 -0.759 -0.731 -0.672 -0.564 -0.390 -0.154  0.108  0.332  0.498  0.623  0.730  0.837  0.957  1.097  1.260  1.448  1.661
4.000     | -0.704 -0.735 -0.753 -0.745 -0.701 -0.598 -0.409 -0.124  0.234  0.601  0.909  1.133  1.293  1.417  1.529  1.645  1.777  1.930  2.108
4.050     | -0.647 -0.653 -0.667 -0.682 -0.673 -0.599 -0.427 -0.140  0.247  0.677  1.091  1.440  1.702  1.887  2.026  2.147  2.269  2.398  2.546
4.100     | -0.644 -0.642 -0.639 -0.630 -0.609 -0.553 -0.424 -0.183  0.178  0.614  1.075  1.515  1.891  2.175  2.376  2.526  2.650  2.770  2.898
4.150     | -0.630 -0.619 -0.608 -0.592 -0.558 -0.481 -0.340 -0.121  0.184  0.576  1.029  1.500  1.946  2.326  2.617  2.825  2.976  3.101  3.216
4.200     | -0.638 -0.624 -0.604 -0.579 -0.539 -0.463 -0.320 -0.090  0.219  0.579  0.985  1.441  1.918  2.369  2.751  3.038  3.242  3.387  3.507
4.250     | -0.637 -0.628 -0.612 -0.586 -0.540 -0.458 -0.317 -0.100  0.206  0.584  0.998  1.427  1.886  2.363  2.812  3.181  3.446  3.634  3.775
4.300     | -0.630 -0.623 -0.610 -0.586 -0.546 -0.470 -0.332 -0.111  0.195  0.579  1.019  1.477  1.931  2.389  2.851  3.276  3.617  3.859  4.029
4.350     | -0.608 -0.604 -0.589 -0.561 -0.517 -0.440 -0.306 -0.087  0.225  0.614  1.057  1.531  2.009  2.469  2.917  3.359  3.750  4.051  4.263
4.400     | -0.553 -0.564 -0.563 -0.543 -0.501 -0.426 -0.301 -0.098  0.210  0.617  1.084  1.573  2.071  2.559  3.024  3.471  3.885  4.227  4.476
4.450     | -0.527 -0.519 -0.507 -0.488 -0.449 -0.374 -0.254 -0.066  0.222  0.615  1.087  1.599  2.120  2.632  3.124  3.589  4.017  4.385  4.663
4.500     | -0.505 -0.493 -0.475 -0.443 -0.385 -0.297 -0.170  0.014  0.287  0.660  1.118  1.633  2.171  2.701  3.213  3.704  4.148  4.525  4.813

Table for X = 0.500
logT / logR | -8.000 -7.500 -7.000 -6.500 -6.000 -5.500 -5.000 -4.500 -4.000 -3.500 -3.000 -2.500 -2.000 -1.500 -1.000 -0.500  0.000  0.500  1.000
------------------------------------------------------------------------------------------------------------------------------------------------------
3.200     | -5.034 -4.647 -4.018 -3.295 -2.670 -2.308 -2.180 -2.141 -2.127 -2.122 -2.119 -2.118 -2.117 -2.116 -2.115 -2.114 -2.111 -2.104 -2.092
3.220     | -5.123 -4.984 -4.627 -4.018 -3.272 -2.603 -2.175 -2.003 -1.948 -1.928 -1.921 -1.917 -1.915 -1.914 -1.913 -1.912 -1.911 -1.910 -1.906
3.240     | -5.097 -5.068 -4.943 -4.614 -4.032 -3.290 -2.601 -2.130 -1.920 -1.849 -1.825 -1.815 -1.810 -1.808 -1.806 -1.805 -1.804 -1.803 -1.800
3.260     | -5.075 -5.061 -5.026 -4.904 -4.590 -4.030 -3.295 -2.595 -2.100 -1.861 -1.778 -1.748 -1.737 -1.732 -1.729 -1.727 -1.725 -1.723 -1.721
3.280     | -5.052 -5.048 -5.031 -4.991 -4.867 -4.555 -4.004 -3.275 -2.573 -2.067 -1.812 -1.720 -1.687 -1.674 -1.668 -1.665 -1.662 -1.660 -1.657
3.300     | -4.979 -5.013 -5.018 -5.004 -4.959 -4.828 -4.508 -3.953 -3.226 -2.529 -2.024 -1.766 -1.669 -1.635 -1.621 -1.615 -1.610 -1.607 -1.603
3.320     | -4.822 -4.908 -4.958 -4.971 -4.956 -4.900 -4.739 -4.374 -3.781 -3.054 -2.381 -1.898 -1.652 -1.558 -1.525 -1.511 -1.504 -1.499 -1.495
3.340     | -4.627 -4.738 -4.836 -4.900 -4.924 -4.913 -4.849 -4.660 -4.250 -3.621 -2.896 -2.250 -1.796 -1.568 -1.481 -1.449 -1.435 -1.427 -1.421
3.360     | -4.450 -4.551 -4.661 -4.764 -4.840 -4.875 -4.867 -4.795 -4.572 -4.112 -3.449 -2.731 -2.116 -1.699 -1.497 -1.418 -1.388 -1.374 -1.365
3.380     | -4.317 -4.392 -4.485 -4.591 -4.696 -4.779 -4.821 -4.815 -4.728 -4.462 -3.949 -3.257 -2.552 -1.977 -1.605 -1.431 -1.362 -1.334 -1.319
3.400     | -4.227 -4.275 -4.342 -4.427 -4.527 -4.630 -4.715 -4.759 -4.749 -4.634 -4.311 -3.746 -3.037 -2.358 -1.831 -1.511 -1.365 -1.305 -1.277
3.420     | -4.176 -4.197 -4.237 -4.296 -4.373 -4.465 -4.562 -4.641 -4.674 -4.637 -4.468 -4.063 -3.446 -2.740 -2.107 -1.646 -1.384 -1.265 -1.211
3.440     | -4.157 -4.158 -4.171 -4.203 -4.254 -4.323 -4.406 -4.491 -4.551 -4.555 -4.474 -4.231 -3.757 -3.116 -2.436 -1.861 -1.471 -1.260 -1.160
3.460     | -4.149 -4.145 -4.142 -4.148 -4.171 -4.214 -4.273 -4.341 -4.400 -4.420 -4.374 -4.229 -3.906 -3.388 -2.752 -2.118 -1.614 -1.295 -1.126
3.480     | -4.136 -4.136 -4.132 -4.126 -4.126 -4.140 -4.172 -4.215 -4.253 -4.263 -4.221 -4.109 -3.885 -3.500 -2.970 -2.363 -1.791 -1.367 -1.111
3.500     | -4.107 -4.117 -4.119 -4.116 -4.109 -4.104 -4.107 -4.121 -4.131 -4.113 -4.051 -3.936 -3.745 -3.453 -3.040 -2.523 -1.963 -1.466 -1.121
3.520     | -4.043 -4.077 -4.094 -4.100 -4.098 -4.090 -4.076 -4.061 -4.039 -3.989 -3.892 -3.748 -3.551 -3.293 -2.965 -2.551 -2.060 -1.557 -1.143
3.540     | -3.895 -3.985 -4.038 -4.067 -4.078 -4.077 -4.064 -4.037 -3.987 -3.900 -3.764 -3.581 -3.356 -3.095 -2.801 -2.462 -2.061 -1.609 -1.173
3.560     | -3.641 -3.793 -3.911 -3.989 -4.032 -4.051 -4.049 -4.026 -3.967 -3.852 -3.674 -3.447 -3.185 -2.901 -2.605 -2.296 -1.959 -1.580 -1.175
3.580     | -3.326 -3.518 -3.687 -3.826 -3.927 -3.989 -4.015 -4.007 -3.955 -3.832 -3.624 -3.352 -3.047 -2.731 -2.416 -2.106 -1.793 -1.465 -1.114
3.600     | -2.988 -3.202 -3.402 -3.582 -3.736 -3.856 -3.934 -3.962 -3.931 -3.816 -3.598 -3.294 -2.948 -2.595 -2.252 -1.925 -1.611 -1.301 -0.987
3.620     | -2.642 -2.868 -3.082 -3.283 -3.465 -3.621 -3.743 -3.818 -3.829 -3.747 -3.546 -3.236 -2.859 -2.469 -2.093 -1.740 -1.409 -1.096 -0.792
3.640     | -2.304 -2.536 -2.761 -2.976 -3.177 -3.357 -3.510 -3.625 -3.679 -3.641 -3.476 -3.181 -2.796 -2.378 -1.970 -1.587 -1.233 -0.905 -0.597
3.660     | -1.981 -2.215 -2.446 -2.671 -2.885 -3.084 -3.261 -3.403 -3.491 -3.492 -3.372 -3.115 -2.744 -2.316 -1.882 -1.470 -1.087 -0.737 -0.414
3.680     | -1.676 -1.909 -2.142 -2.371 -2.594 -2.806 -2.999 -3.160 -3.268 -3.292 -3.202 -2.990 -2.662 -2.253 -1.809 -1.374 -0.965 -0.589 -0.246
3.700     | -1.390 -1.612 -1.840 -2.070 -2.295 -2.513 -2.716 -2.892 -3.015 -3.053 -2.981 -2.801 -2.527 -2.169 -1.749 -1.301 -0.865 -0.460 -0.090
3.750     | -0.864 -1.012 -1.196 -1.401 -1.616 -1.829 -2.034 -2.215 -2.344 -2.384 -2.318 -2.163 -1.949 -1.694 -1.397 -1.053 -0.658 -0.233  0.189
3.800     | -0.699 -0.727 -0.791 -0.900 -1.046 -1.211 -1.377 -1.525 -1.625 -1.652 -1.592 -1.458 -1.276 -1.064 -0.829 -0.570 -0.282  0.049  0.424
3.850     | -0.680 -0.673 -0.668 -0.667 -0.680 -0.720 -0.781 -0.841 -0.877 -0.872 -0.816 -0.710 -0.566 -0.392 -0.194  0.020  0.257  0.517  0.810
3.900     | -0.683 -0.674 -0.658 -0.627 -0.574 -0.492 -0.389 -0.289 -0.203 -0.125 -0.046  0.045  0.155  0.288  0.444  0.623  0.823  1.045  1.294
3.950     | -0.681 -0.677 -0.662 -0.629 -0.563 -0.445 -0.258 -0.012  0.247  0.460  0.615  0.734  0.839  0.946  1.066  1.208  1.372  1.561  1.775
4.000     | -0.637 -0.658 -0.665 -0.649 -0.595 -0.478 -0.271  0.030  0.396  0.756  1.048  1.257  1.406  1.525  1.635  1.750  1.882  2.035  2.211
4.050     | -0.592 -0.596 -0.604 -0.609 -0.583 -0.489 -0.294  0.014  0.412  0.843  1.249  1.583  1.827  2.000  2.131  2.248  2.367  2.496  2.645
4.100     | -0.589 -0.587 -0.583 -0.572 -0.543 -0.471 -0.316 -0.044  0.338  0.784  1.244  1.676  2.036  2.303  2.490  2.631  2.751  2.868  2.995
4.150     | -0.575 -0.564 -0.553 -0.536 -0.498 -0.414 -0.260 -0.019  0.314  0.730  1.195  1.667  2.105  2.470  2.744  2.939  3.080  3.200  3.313
4.200     | -0.582 -0.569 -0.549 -0.524 -0.482 -0.400 -0.249 -0.008  0.316  0.698  1.129  1.600  2.082  2.527  2.895  3.164  3.353  3.493  3.609
4.250     | -0.582 -0.573 -0.556 -0.530 -0.482 -0.396 -0.251 -0.026  0.289  0.680  1.110  1.563  2.042  2.526  2.969  3.321  3.572  3.749  3.884
4.300     | -0.576 -0.568 -0.554 -0.529 -0.487 -0.408 -0.264 -0.037  0.276  0.669  1.118  1.589  2.062  2.540  3.012  3.431  3.755  3.985  4.145
4.350     | -0.558 -0.551 -0.534 -0.505 -0.458 -0.378 -0.239 -0.014  0.304  0.700  1.151  1.633  2.120  2.596  3.067  3.518  3.901  4.186  4.386
4.400     | -0.518 -0.522 -0.515 -0.489 -0.443 -0.365 -0.236 -0.025  0.292  0.706  1.178  1.671  2.175  2.674  3.156  3.620  4.038  4.371  4.605
4.450     | -0.497 -0.488 -0.472 -0.446 -0.398 -0.316 -0.191  0.004  0.302  0.705  1.185  1.702  2.226  2.742  3.246  3.727  4.167  4.532  4.797
4.500     | -0.476 -0.464 -0.445 -0.411 -0.349 -0.253 -0.117  0.078  0.364  0.749  1.217  1.737  2.277  2.810  3.330  3.834  4.291  4.671  4.946

Table for X = 0.600
logT / logR | -8.000 -7.500 -7.000 -6.500 -6.000 -5.500 -5.000 -4.500 -4.000 -3.500 -3.000 -2.500 -2.000 -1.500 -1.000 -0.500  0.000  0.500  1.000
------------------------------------------------------------------------------------------------------------------------------------------------------
3.200     | -4.973 -4.553 -3.901 -3.182 -2.588 -2.272 -2.166 -2.134 -2.122 -2.117 -2.115 -2.114 -2.113 -2.112 -2.112 -2.110 -2.107 -2.099 -2.086
3.220     | -5.092 -4.929 -4.539 -3.901 -3.153 -2.511 -2.128 -1.984 -1.938 -1.922 -1.915 -1.912 -1.910 -1.909 -1.908 -1.908 -1.907 -1.905 -1.901
3.240     | -5.078 -5.040 -4.892 -4.531 -3.919 -3.170 -2.505 -2.076 -1.897 -1.838 -1.817 -1.809 -1.805 -1.803 -1.802 -1.801 -1.799 -1.798 -1.795
3.260     | -5.056 -5.042 -4.999 -4.857 -4.512 -3.920 -3.176 -2.498 -2.041 -1.836 -1.766 -1.741 -1.731 -1.727 -1.724 -1.722 -1.721 -1.719 -1.716
3.280     | -5.031 -5.028 -5.012 -4.965 -4.820 -4.479 -3.896 -3.157 -2.476 -2.006 -1.786 -1.708 -1.680 -1.669 -1.664 -1.661 -1.659 -1.656 -1.653
3.300     | -4.958 -4.992 -4.997 -4.983 -4.932 -4.781 -4.432 -3.845 -3.110 -2.434 -1.965 -1.740 -1.658 -1.629 -1.617 -1.611 -1.607 -1.604 -1.600
3.320     | -4.802 -4.887 -4.936 -4.950 -4.935 -4.872 -4.691 -4.295 -3.674 -2.943 -2.291 -1.843 -1.628 -1.548 -1.520 -1.508 -1.501 -1.497 -1.493
3.340     | -4.611 -4.719 -4.814 -4.878 -4.902 -4.890 -4.819 -4.608 -4.166 -3.513 -2.790 -2.165 -1.746 -1.547 -1.473 -1.445 -1.433 -1.426 -1.420
3.360     | -4.436 -4.535 -4.642 -4.743 -4.818 -4.852 -4.844 -4.762 -4.515 -4.024 -3.341 -2.630 -2.039 -1.656 -1.479 -1.412 -1.386 -1.373 -1.365
3.380     | -4.304 -4.378 -4.469 -4.572 -4.675 -4.756 -4.798 -4.790 -4.691 -4.398 -3.856 -3.150 -2.457 -1.908 -1.569 -1.417 -1.357 -1.332 -1.318
3.400     | -4.214 -4.262 -4.327 -4.411 -4.509 -4.609 -4.692 -4.735 -4.721 -4.591 -4.239 -3.649 -2.933 -2.270 -1.771 -1.482 -1.354 -1.300 -1.274
3.420     | -4.163 -4.183 -4.223 -4.280 -4.356 -4.446 -4.541 -4.617 -4.648 -4.605 -4.415 -3.982 -3.345 -2.641 -2.028 -1.596 -1.360 -1.254 -1.206
3.440     | -4.143 -4.144 -4.157 -4.188 -4.238 -4.305 -4.386 -4.468 -4.525 -4.525 -4.434 -4.166 -3.668 -3.015 -2.343 -1.792 -1.430 -1.240 -1.150
3.460     | -4.135 -4.130 -4.127 -4.133 -4.155 -4.198 -4.254 -4.319 -4.374 -4.390 -4.338 -4.179 -3.831 -3.295 -2.653 -2.032 -1.555 -1.261 -1.107
3.480     | -4.120 -4.120 -4.116 -4.110 -4.110 -4.123 -4.154 -4.194 -4.227 -4.231 -4.184 -4.064 -3.824 -3.419 -2.876 -2.269 -1.715 -1.317 -1.082
3.500     | -4.090 -4.100 -4.103 -4.100 -4.093 -4.087 -4.088 -4.100 -4.105 -4.081 -4.012 -3.890 -3.690 -3.384 -2.958 -2.433 -1.877 -1.401 -1.079
3.520     | -4.021 -4.058 -4.076 -4.082 -4.080 -4.072 -4.057 -4.040 -4.013 -3.955 -3.851 -3.699 -3.494 -3.229 -2.893 -2.470 -1.976 -1.482 -1.089
3.540     | -3.864 -3.958 -4.016 -4.047 -4.059 -4.057 -4.044 -4.016 -3.961 -3.866 -3.721 -3.530 -3.298 -3.030 -2.732 -2.389 -1.983 -1.531 -1.109
3.560     | -3.603 -3.758 -3.880 -3.963 -4.010 -4.029 -4.028 -4.003 -3.940 -3.817 -3.630 -3.395 -3.125 -2.835 -2.536 -2.224 -1.886 -1.505 -1.105
3.580     | -3.286 -3.478 -3.649 -3.791 -3.897 -3.963 -3.991 -3.982 -3.925 -3.795 -3.578 -3.297 -2.986 -2.664 -2.346 -2.034 -1.720 -1.392 -1.043
3.600     | -2.947 -3.161 -3.360 -3.542 -3.698 -3.822 -3.903 -3.933 -3.899 -3.776 -3.549 -3.237 -2.884 -2.527 -2.181 -1.852 -1.537 -1.228 -0.916
3.620     | -2.601 -2.826 -3.041 -3.242 -3.424 -3.582 -3.706 -3.784 -3.793 -3.705 -3.496 -3.177 -2.796 -2.403 -2.024 -1.669 -1.338 -1.024 -0.722
3.640     | -2.264 -2.495 -2.720 -2.935 -3.136 -3.317 -3.471 -3.585 -3.638 -3.594 -3.422 -3.121 -2.731 -2.311 -1.901 -1.517 -1.163 -0.835 -0.528
3.660     | -1.940 -2.174 -2.405 -2.630 -2.844 -3.043 -3.219 -3.360 -3.443 -3.437 -3.309 -3.048 -2.676 -2.248 -1.814 -1.401 -1.018 -0.668 -0.345
3.680     | -1.635 -1.868 -2.101 -2.331 -2.553 -2.764 -2.956 -3.115 -3.216 -3.229 -3.130 -2.913 -2.587 -2.181 -1.740 -1.306 -0.897 -0.521 -0.179
3.700     | -1.346 -1.570 -1.799 -2.029 -2.254 -2.472 -2.674 -2.845 -2.960 -2.985 -2.901 -2.714 -2.441 -2.088 -1.674 -1.230 -0.797 -0.393 -0.024
3.750     | -0.807 -0.961 -1.150 -1.357 -1.572 -1.786 -1.989 -2.164 -2.283 -2.309 -2.229 -2.065 -1.849 -1.594 -1.302 -0.966 -0.580 -0.162  0.255
3.800     | -0.624 -0.656 -0.728 -0.843 -0.993 -1.160 -1.325 -1.468 -1.560 -1.574 -1.502 -1.360 -1.174 -0.961 -0.726 -0.470 -0.185  0.139  0.505
3.850     | -0.602 -0.595 -0.590 -0.591 -0.608 -0.652 -0.714 -0.772 -0.803 -0.791 -0.728 -0.616 -0.468 -0.291 -0.093  0.122  0.358  0.617  0.906
3.900     | -0.604 -0.594 -0.577 -0.544 -0.487 -0.401 -0.297 -0.198 -0.114 -0.038  0.042  0.135  0.247  0.382  0.540  0.720  0.920  1.143  1.391
3.950     | -0.604 -0.598 -0.582 -0.546 -0.474 -0.345 -0.148  0.105  0.359  0.563  0.711  0.825  0.928  1.035  1.156  1.300  1.464  1.654  1.868
4.000     | -0.578 -0.590 -0.590 -0.568 -0.507 -0.378 -0.157  0.159  0.529  0.881  1.160  1.357  1.499  1.613  1.721  1.836  1.967  2.122  2.298
4.050     | -0.542 -0.544 -0.548 -0.543 -0.504 -0.394 -0.182  0.142  0.549  0.980  1.378  1.698  1.928  2.091  2.218  2.331  2.449  2.578  2.726
4.100     | -0.541 -0.538 -0.533 -0.519 -0.483 -0.397 -0.220  0.075  0.472  0.925  1.384  1.808  2.153  2.405  2.583  2.717  2.834  2.949  3.076
4.150     | -0.526 -0.516 -0.504 -0.486 -0.445 -0.354 -0.186  0.074  0.429  0.861  1.333  1.805  2.235  2.587  2.847  3.031  3.166  3.281  3.395
4.200     | -0.534 -0.520 -0.500 -0.474 -0.431 -0.344 -0.185  0.066  0.403  0.804  1.254  1.736  2.217  2.655  3.012  3.266  3.445  3.580  3.693
4.250     | -0.533 -0.524 -0.507 -0.480 -0.431 -0.342 -0.191  0.041  0.365  0.768  1.212  1.684  2.177  2.664  3.098  3.435  3.675  3.843  3.974
4.300     | -0.528 -0.519 -0.504 -0.479 -0.435 -0.352 -0.203  0.030  0.349  0.750  1.208  1.690  2.178  2.672  3.148  3.558  3.868  4.086  4.240
4.350     | -0.513 -0.504 -0.486 -0.454 -0.406 -0.323 -0.180  0.051  0.375  0.777  1.235  1.724  2.221  2.711  3.196  3.651  4.025  4.296  4.485
4.400     | -0.485 -0.484 -0.471 -0.441 -0.391 -0.310 -0.177  0.041  0.365  0.786  1.261  1.759  2.269  2.777  3.274  3.749  4.166  4.487  4.710
4.450     | -0.469 -0.458 -0.438 -0.406 -0.351 -0.264 -0.134  0.067  0.374  0.787  1.273  1.793  2.320  2.842  3.355  3.849  4.294  4.653  4.905
4.500     | -0.449 -0.436 -0.417 -0.381 -0.314 -0.211 -0.068  0.137  0.434  0.830  1.305  1.830  2.372  2.907  3.435  3.948  4.413  4.790  5.052

Table for X = 0.700
logT / logR | -8.000 -7.500 -7.000 -6.500 -6.000 -5.500 -5.000 -4.500 -4.000 -3.500 -3.000 -2.500 -2.000 -1.500 -1.000 -0.500  0.000  0.500  1.000
------------------------------------------------------------------------------------------------------------------------------------------------------
3.200     | -4.918 -4.471 -3.801 -3.089 -2.524 -2.245 -2.156 -2.128 -2.118 -2.114 -2.112 -2.111 -2.110 -2.110 -2.109 -2.107 -2.103 -2.096 -2.083
3.220     | -5.063 -4.878 -4.460 -3.801 -3.054 -2.439 -2.094 -1.970 -1.931 -1.916 -1.911 -1.908 -1.906 -1.905 -1.905 -1.904 -1.903 -1.901 -1.897
3.240     | -5.060 -5.013 -4.845 -4.457 -3.821 -3.070 -2.428 -2.036 -1.881 -1.830 -1.812 -1.805 -1.801 -1.799 -1.798 -1.797 -1.796 -1.794 -1.791
3.260     | -5.039 -5.024 -4.974 -4.812 -4.441 -3.824 -3.076 -2.419 -1.997 -1.818 -1.757 -1.736 -1.727 -1.723 -1.721 -1.719 -1.718 -1.715 -1.712
3.280     | -5.013 -5.010 -4.993 -4.940 -4.777 -4.410 -3.802 -3.059 -2.397 -1.961 -1.766 -1.699 -1.675 -1.666 -1.661 -1.658 -1.656 -1.653 -1.650
3.300     | -4.939 -4.972 -4.979 -4.963 -4.907 -4.738 -4.363 -3.752 -3.014 -2.357 -1.920 -1.721 -1.650 -1.625 -1.614 -1.609 -1.605 -1.602 -1.598
3.320     | -4.785 -4.867 -4.916 -4.930 -4.915 -4.846 -4.646 -4.224 -3.581 -2.851 -2.218 -1.801 -1.610 -1.541 -1.516 -1.506 -1.500 -1.496 -1.492
3.340     | -4.596 -4.702 -4.795 -4.858 -4.882 -4.870 -4.791 -4.560 -4.092 -3.421 -2.702 -2.098 -1.708 -1.532 -1.467 -1.443 -1.432 -1.426 -1.420
3.360     | -4.423 -4.520 -4.626 -4.724 -4.797 -4.831 -4.822 -4.732 -4.463 -3.947 -3.250 -2.546 -1.978 -1.624 -1.467 -1.408 -1.385 -1.373 -1.365
3.380     | -4.292 -4.365 -4.454 -4.556 -4.656 -4.735 -4.776 -4.767 -4.657 -4.340 -3.775 -3.060 -2.379 -1.853 -1.542 -1.407 -1.354 -1.331 -1.318
3.400     | -4.202 -4.250 -4.314 -4.396 -4.492 -4.590 -4.671 -4.714 -4.695 -4.550 -4.175 -3.564 -2.846 -2.198 -1.724 -1.460 -1.345 -1.297 -1.273
3.420     | -4.151 -4.171 -4.210 -4.267 -4.341 -4.429 -4.521 -4.595 -4.625 -4.575 -4.365 -3.910 -3.259 -2.559 -1.964 -1.557 -1.343 -1.247 -1.202
3.440     | -4.131 -4.131 -4.144 -4.174 -4.224 -4.290 -4.368 -4.447 -4.502 -4.499 -4.397 -4.107 -3.590 -2.929 -2.266 -1.737 -1.399 -1.225 -1.142
3.460     | -4.122 -4.117 -4.114 -4.119 -4.141 -4.182 -4.238 -4.300 -4.351 -4.363 -4.306 -4.133 -3.764 -3.214 -2.569 -1.963 -1.508 -1.235 -1.093
3.480     | -4.106 -4.106 -4.102 -4.096 -4.095 -4.108 -4.138 -4.175 -4.204 -4.203 -4.151 -4.024 -3.769 -3.348 -2.796 -2.191 -1.654 -1.278 -1.059
3.500     | -4.074 -4.085 -4.088 -4.084 -4.078 -4.071 -4.072 -4.081 -4.082 -4.052 -3.978 -3.849 -3.640 -3.324 -2.887 -2.356 -1.807 -1.349 -1.046
3.520     | -4.002 -4.040 -4.060 -4.066 -4.064 -4.055 -4.041 -4.021 -3.990 -3.925 -3.815 -3.657 -3.445 -3.174 -2.831 -2.401 -1.905 -1.421 -1.045
3.540     | -3.836 -3.935 -3.996 -4.029 -4.041 -4.040 -4.027 -3.996 -3.937 -3.835 -3.684 -3.486 -3.247 -2.974 -2.672 -2.326 -1.916 -1.466 -1.056
3.560     | -3.570 -3.727 -3.852 -3.939 -3.989 -4.010 -4.009 -3.982 -3.915 -3.785 -3.591 -3.349 -3.072 -2.778 -2.476 -2.163 -1.823 -1.441 -1.048
3.580     | -3.250 -3.443 -3.615 -3.760 -3.869 -3.939 -3.969 -3.960 -3.899 -3.762 -3.537 -3.250 -2.933 -2.607 -2.286 -1.972 -1.658 -1.330 -0.983
3.600     | -2.911 -3.125 -3.325 -3.507 -3.665 -3.791 -3.875 -3.907 -3.870 -3.741 -3.506 -3.187 -2.829 -2.469 -2.121 -1.791 -1.475 -1.166 -0.855
3.620     | -2.566 -2.791 -3.006 -3.207 -3.390 -3.549 -3.674 -3.753 -3.761 -3.668 -3.451 -3.126 -2.741 -2.345 -1.965 -1.609 -1.277 -0.964 -0.663
3.640     | -2.229 -2.461 -2.685 -2.900 -3.101 -3.282 -3.436 -3.550 -3.601 -3.552 -3.374 -3.067 -2.674 -2.254 -1.843 -1.458 -1.103 -0.775 -0.470
3.660     | -1.905 -2.140 -2.371 -2.595 -2.809 -3.007 -3.183 -3.322 -3.401 -3.387 -3.253 -2.989 -2.617 -2.189 -1.755 -1.342 -0.959 -0.609 -0.287
3.680     | -1.599 -1.833 -2.066 -2.296 -2.518 -2.729 -2.919 -3.075 -3.170 -3.174 -3.066 -2.845 -2.522 -2.119 -1.681 -1.247 -0.839 -0.463 -0.122
3.700     | -1.310 -1.535 -1.765 -1.994 -2.220 -2.437 -2.636 -2.804 -2.912 -2.925 -2.830 -2.638 -2.365 -2.018 -1.609 -1.170 -0.738 -0.335  0.032
3.750     | -0.759 -0.919 -1.111 -1.320 -1.536 -1.749 -1.950 -2.121 -2.230 -2.242 -2.151 -1.981 -1.763 -1.509 -1.220 -0.890 -0.513 -0.102  0.312
3.800     | -0.561 -0.598 -0.675 -0.796 -0.949 -1.117 -1.281 -1.419 -1.503 -1.507 -1.425 -1.277 -1.087 -0.873 -0.638 -0.384 -0.101  0.216  0.575
3.850     | -0.535 -0.529 -0.525 -0.526 -0.547 -0.594 -0.657 -0.713 -0.740 -0.722 -0.652 -0.536 -0.385 -0.206 -0.007  0.208  0.444  0.701  0.988
3.900     | -0.537 -0.527 -0.509 -0.474 -0.412 -0.323 -0.218 -0.122 -0.040  0.037  0.117  0.211  0.325  0.462  0.622  0.803  1.003  1.227  1.473
3.950     | -0.539 -0.531 -0.514 -0.475 -0.397 -0.259 -0.053  0.204  0.454  0.649  0.790  0.902  1.003  1.111  1.233  1.377  1.543  1.733  1.946
4.000     | -0.525 -0.531 -0.525 -0.498 -0.430 -0.291 -0.058  0.268  0.641  0.986  1.253  1.440  1.576  1.688  1.794  1.910  2.041  2.197  2.372
4.050     | -0.498 -0.498 -0.498 -0.485 -0.435 -0.312 -0.085  0.253  0.666  1.095  1.485  1.793  2.013  2.168  2.290  2.402  2.518  2.648  2.795
4.100     | -0.497 -0.494 -0.488 -0.472 -0.429 -0.329 -0.133  0.179  0.588  1.044  1.502  1.918  2.251  2.491  2.661  2.790  2.905  3.019  3.146
4.150     | -0.482 -0.472 -0.460 -0.441 -0.396 -0.299 -0.119  0.158  0.531  0.975  1.451  1.921  2.344  2.686  2.933  3.108  3.239  3.352  3.465
4.200     | -0.489 -0.476 -0.456 -0.430 -0.384 -0.294 -0.127  0.133  0.483  0.900  1.364  1.853  2.333  2.764  3.109  3.352  3.523  3.654  3.766
4.250     | -0.489 -0.479 -0.462 -0.435 -0.384 -0.292 -0.137  0.101  0.435  0.847  1.306  1.792  2.295  2.782  3.207  3.531  3.761  3.922  4.049
4.300     | -0.484 -0.475 -0.459 -0.433 -0.388 -0.302 -0.149  0.090  0.416  0.824  1.291  1.783  2.283  2.787  3.265  3.666  3.964  4.171  4.320
4.350     | -0.472 -0.462 -0.442 -0.409 -0.359 -0.274 -0.126  0.111  0.440  0.848  1.312  1.808  2.313  2.815  3.310  3.763  4.129  4.389  4.570
4.400     | -0.454 -0.448 -0.430 -0.397 -0.345 -0.261 -0.124  0.100  0.432  0.859  1.338  1.839  2.355  2.872  3.380  3.862  4.274  4.584  4.798
4.450     | -0.443 -0.431 -0.407 -0.370 -0.308 -0.216 -0.083  0.125  0.440  0.861  1.352  1.876  2.406  2.932  3.454  3.957  4.404  4.754  4.994
4.500     | -0.423 -0.410 -0.390 -0.352 -0.282 -0.173 -0.023  0.191  0.497  0.903  1.385  1.914  2.458  2.995  3.529  4.049  4.518  4.890  5.140

Table for X = 0.800
logT / logR | -8.000 -7.500 -7.000 -6.500 -6.000 -5.500 -5.000 -4.500 -4.000 -3.500 -3.000 -2.500 -2.000 -1.500 -1.000 -0.500  0.000  0.500  1.000
------------------------------------------------------------------------------------------------------------------------------------------------------
3.200     | -4.866 -4.396 -3.714 -3.010 -2.473 -2.226 -2.148 -2.124 -2.115 -2.111 -2.109 -2.108 -2.108 -2.107 -2.106 -2.105 -2.101 -2.094 -2.080
3.220     | -5.036 -4.831 -4.389 -3.713 -2.971 -2.380 -2.068 -1.959 -1.925 -1.912 -1.907 -1.905 -1.903 -1.902 -1.902 -1.901 -1.900 -1.898 -1.894
3.240     | -5.043 -4.988 -4.802 -4.389 -3.734 -2.986 -2.365 -2.004 -1.868 -1.824 -1.808 -1.801 -1.798 -1.796 -1.795 -1.794 -1.793 -1.791 -1.788
3.260     | -5.024 -5.006 -4.950 -4.771 -4.376 -3.739 -2.992 -2.355 -1.963 -1.804 -1.751 -1.732 -1.724 -1.720 -1.718 -1.717 -1.715 -1.713 -1.710
3.280     | -4.996 -4.994 -4.976 -4.916 -4.737 -4.347 -3.719 -2.976 -2.332 -1.925 -1.752 -1.693 -1.672 -1.663 -1.659 -1.656 -1.654 -1.651 -1.648
3.300     | -4.922 -4.955 -4.961 -4.945 -4.883 -4.698 -4.301 -3.670 -2.932 -2.294 -1.885 -1.707 -1.644 -1.622 -1.613 -1.608 -1.604 -1.601 -1.596
3.320     | -4.769 -4.850 -4.898 -4.912 -4.896 -4.821 -4.604 -4.159 -3.499 -2.772 -2.159 -1.769 -1.597 -1.537 -1.514 -1.505 -1.500 -1.495 -1.491
3.340     | -4.582 -4.687 -4.778 -4.839 -4.864 -4.850 -4.765 -4.515 -4.025 -3.340 -2.627 -2.043 -1.679 -1.521 -1.464 -1.442 -1.432 -1.426 -1.420
3.360     | -4.411 -4.507 -4.610 -4.707 -4.778 -4.812 -4.801 -4.702 -4.414 -3.877 -3.170 -2.476 -1.928 -1.599 -1.458 -1.406 -1.384 -1.373 -1.365
3.380     | -4.281 -4.353 -4.441 -4.540 -4.638 -4.716 -4.757 -4.745 -4.624 -4.287 -3.702 -2.983 -2.314 -1.809 -1.522 -1.400 -1.352 -1.331 -1.318
3.400     | -4.192 -4.238 -4.302 -4.382 -4.476 -4.573 -4.652 -4.694 -4.671 -4.512 -4.116 -3.489 -2.772 -2.138 -1.686 -1.443 -1.340 -1.295 -1.272
3.420     | -4.140 -4.160 -4.198 -4.254 -4.327 -4.413 -4.503 -4.576 -4.603 -4.547 -4.320 -3.845 -3.184 -2.489 -1.911 -1.527 -1.330 -1.241 -1.199
3.440     | -4.120 -4.120 -4.132 -4.162 -4.211 -4.275 -4.352 -4.428 -4.480 -4.474 -4.363 -4.054 -3.521 -2.854 -2.202 -1.691 -1.374 -1.213 -1.135
3.460     | -4.109 -4.105 -4.101 -4.107 -4.128 -4.169 -4.222 -4.282 -4.329 -4.338 -4.277 -4.090 -3.704 -3.142 -2.498 -1.905 -1.470 -1.214 -1.081
3.480     | -4.093 -4.093 -4.089 -4.083 -4.082 -4.095 -4.123 -4.158 -4.183 -4.178 -4.122 -3.988 -3.720 -3.286 -2.726 -2.124 -1.604 -1.246 -1.041
3.500     | -4.060 -4.071 -4.074 -4.071 -4.064 -4.057 -4.057 -4.064 -4.061 -4.026 -3.947 -3.812 -3.596 -3.270 -2.824 -2.290 -1.747 -1.306 -1.019
3.520     | -3.983 -4.024 -4.045 -4.052 -4.050 -4.041 -4.025 -4.004 -3.969 -3.899 -3.783 -3.619 -3.401 -3.124 -2.776 -2.340 -1.843 -1.369 -1.009
3.540     | -3.811 -3.913 -3.977 -4.012 -4.025 -4.024 -4.011 -3.978 -3.915 -3.808 -3.651 -3.447 -3.201 -2.925 -2.620 -2.270 -1.858 -1.411 -1.013
3.560     | -3.540 -3.700 -3.827 -3.917 -3.970 -3.993 -3.991 -3.963 -3.892 -3.757 -3.556 -3.308 -3.026 -2.728 -2.424 -2.109 -1.767 -1.385 -0.998
3.580     | -3.220 -3.413 -3.586 -3.733 -3.845 -3.917 -3.949 -3.939 -3.876 -3.732 -3.500 -3.208 -2.886 -2.556 -2.233 -1.918 -1.604 -1.275 -0.931
3.600     | -2.880 -3.094 -3.294 -3.476 -3.635 -3.764 -3.850 -3.883 -3.844 -3.710 -3.467 -3.142 -2.781 -2.418 -2.068 -1.737 -1.421 -1.112 -0.803
3.620     | -2.536 -2.761 -2.975 -3.176 -3.359 -3.519 -3.645 -3.725 -3.732 -3.634 -3.411 -3.081 -2.692 -2.295 -1.913 -1.556 -1.224 -0.911 -0.612
3.640     | -2.199 -2.431 -2.655 -2.869 -3.070 -3.251 -3.405 -3.518 -3.566 -3.513 -3.330 -3.020 -2.625 -2.203 -1.791 -1.406 -1.050 -0.723 -0.419
3.660     | -1.875 -2.110 -2.341 -2.565 -2.778 -2.976 -3.151 -3.288 -3.362 -3.342 -3.203 -2.936 -2.564 -2.137 -1.703 -1.290 -0.907 -0.557 -0.237
3.680     | -1.569 -1.803 -2.036 -2.266 -2.488 -2.697 -2.886 -3.039 -3.128 -3.123 -3.008 -2.785 -2.463 -2.064 -1.628 -1.195 -0.788 -0.412 -0.072
3.700     | -1.278 -1.504 -1.735 -1.964 -2.189 -2.406 -2.604 -2.768 -2.868 -2.870 -2.767 -2.570 -2.298 -1.956 -1.552 -1.116 -0.687 -0.285  0.082
3.750     | -0.718 -0.883 -1.078 -1.288 -1.504 -1.716 -1.915 -2.082 -2.182 -2.183 -2.082 -1.907 -1.687 -1.434 -1.148 -0.824 -0.453 -0.048  0.362
3.800     | -0.506 -0.547 -0.630 -0.756 -0.911 -1.080 -1.242 -1.376 -1.452 -1.447 -1.357 -1.204 -1.012 -0.797 -0.562 -0.309 -0.028  0.285  0.637
3.850     | -0.478 -0.472 -0.468 -0.471 -0.494 -0.544 -0.607 -0.661 -0.684 -0.661 -0.586 -0.466 -0.312 -0.132  0.068  0.284  0.519  0.776  1.060
3.900     | -0.479 -0.469 -0.449 -0.412 -0.347 -0.255 -0.150 -0.056  0.025  0.101  0.182  0.278  0.393  0.532  0.692  0.874  1.074  1.299  1.545
3.950     | -0.482 -0.473 -0.454 -0.412 -0.330 -0.184  0.030  0.289  0.535  0.723  0.859  0.968  1.069  1.177  1.300  1.444  1.611  1.802  2.015
4.000     | -0.476 -0.477 -0.468 -0.437 -0.363 -0.214  0.030  0.364  0.738  1.076  1.333  1.512  1.643  1.752  1.858  1.973  2.105  2.261  2.437
4.050     | -0.457 -0.456 -0.451 -0.432 -0.373 -0.238  0.002  0.350  0.768  1.195  1.578  1.875  2.086  2.235  2.353  2.464  2.579  2.709  2.855
4.100     | -0.457 -0.454 -0.447 -0.428 -0.379 -0.267 -0.055  0.272  0.690  1.149  1.604  2.013  2.336  2.566  2.729  2.853  2.966  3.079  3.206
4.150     | -0.442 -0.433 -0.421 -0.400 -0.352 -0.248 -0.057  0.235  0.623  1.076  1.554  2.021  2.438  2.770  3.008  3.175  3.302  3.413  3.526
4.200     | -0.449 -0.436 -0.416 -0.389 -0.342 -0.247 -0.074  0.195  0.557  0.988  1.463  1.956  2.435  2.859  3.192  3.427  3.591  3.718  3.829
4.250     | -0.450 -0.439 -0.422 -0.394 -0.342 -0.247 -0.087  0.157  0.499  0.921  1.392  1.890  2.399  2.885  3.301  3.614  3.835  3.991  4.116
4.300     | -0.445 -0.435 -0.419 -0.392 -0.345 -0.256 -0.099  0.145  0.477  0.893  1.366  1.867  2.379  2.889  3.366  3.759  4.045  4.245  4.389
4.350     | -0.434 -0.423 -0.401 -0.368 -0.317 -0.228 -0.076  0.165  0.500  0.914  1.383  1.885  2.398  2.910  3.411  3.862  4.217  4.468  4.642
4.400     | -0.424 -0.414 -0.393 -0.357 -0.303 -0.216 -0.075  0.155  0.494  0.926  1.408  1.913  2.435  2.960  3.477  3.961  4.368  4.668  4.873
4.450     | -0.418 -0.404 -0.378 -0.336 -0.269 -0.174 -0.036  0.178  0.501  0.929  1.425  1.951  2.482  3.013  3.544  4.054  4.499  4.840  5.070
4.500     | -0.399 -0.386 -0.365 -0.325 -0.251 -0.136  0.020  0.241  0.556  0.970  1.459  1.991  2.536  3.076  3.615  4.141  4.610  4.973  5.213

